<?xml version="1.0" encoding="UTF-8" standalone="no"?>
<!-- Created with Inkscape (http://www.inkscape.org/) -->

<svg
   version="1.1"
   id="svg18"
   width="500"
   height="500"
   viewBox="0 0 500 500"
   sodipodi:docname="w"
   inkscape:version="1.2.1 (0f2f062aeb, 2022-09-21, custom)"
   inkscape:export-filename="../31b1f80d/asdfasdf.svg"
   inkscape:export-xdpi="96"
   inkscape:export-ydpi="96"
   xmlns:inkscape="http://www.inkscape.org/namespaces/inkscape"
   xmlns:sodipodi="http://sodipodi.sourceforge.net/DTD/sodipodi-0.dtd"
   xmlns="http://www.w3.org/2000/svg"
   xmlns:svg="http://www.w3.org/2000/svg">
  <defs
     id="defs22" />
  <sodipodi:namedview
     id="namedview20"
     pagecolor="#ffffff"
     bordercolor="#000000"
     borderopacity="0.25"
     inkscape:showpageshadow="2"
     inkscape:pageopacity="0.0"
     inkscape:pagecheckerboard="0"
     inkscape:deskcolor="#d1d1d1"
     showgrid="false"
     inkscape:zoom="0.5"
     inkscape:cx="546"
     inkscape:cy="438"
     inkscape:window-width="1920"
     inkscape:window-height="1043"
     inkscape:window-x="0"
     inkscape:window-y="0"
     inkscape:window-maximized="1"
     inkscape:current-layer="g24" />
  <g
     inkscape:groupmode="layer"
     inkscape:label="Image"
     id="g24">
    <path
       style="fill:#000000;stroke-width:1.02924"
       d="m 235.36679,486.69976 c -0.96503,-1.02005 -2.73244,-4.62444 -3.92757,-8.00977 -3.78815,-10.73031 -11.26644,-15.21023 -20.33294,-12.18056 -2.89716,0.96812 -5.27194,2.82527 -7.59378,5.93856 -4.43447,5.94607 -8.7302,10.06651 -10.49473,10.06651 -2.21024,0 -4.40874,-5.05038 -5.23328,-12.02187 -0.87692,-7.41446 -4.49471,-12.27203 -10.56776,-14.18932 -6.07328,-1.91732 -10.29873,-0.47126 -17.91466,6.13094 -8.33743,7.22769 -11.37444,7.79134 -12.30864,2.28449 -0.34547,-2.03646 -0.38414,-6.22664 -0.0859,-9.31152 0.44814,-4.63554 0.11964,-6.3076 -1.89317,-9.63547 -5.04277,-8.33749 -14.44506,-9.53058 -24.43561,-3.10069 -6.52913,4.20214 -9.67997,5.16246 -11.69352,3.56392 -1.99558,-1.58428 -1.93533,-5.50429 0.17569,-11.4308 2.01047,-5.64429 1.44611,-10.47057 -1.72214,-14.72677 -4.81185,-6.46423 -12.479101,-7.55923 -22.015322,-3.1441 -5.31723,2.4618 -11.144621,2.83871 -11.972727,0.77438 -0.759394,-1.89303 0.716275,-7.30539 3.382156,-12.405 1.216078,-2.32631 2.211056,-5.32868 2.211056,-6.67196 0,-3.61967 -2.596693,-8.89423 -5.783616,-11.74804 -2.503248,-2.24162 -3.577072,-2.48599 -9.826055,-2.23645 -20.36818,0.81344 -18.559536,0.98805 -18.902508,-1.82481 -0.184304,-1.51108 0.766876,-3.97366 2.332839,-6.03989 1.454156,-1.91876 3.471453,-4.5765 4.482867,-5.90613 2.478016,-3.25759 2.465593,-11.9657 -0.02267,-15.59777 -3.464356,-5.05768 -7.651677,-6.63976 -17.584597,-6.64391 -13.718462,-0.007 -14.936421,-2.67355 -5.373565,-11.77031 6.888023,-6.55228 8.399737,-10.60135 6.490394,-17.38419 -1.558166,-5.53537 -6.111535,-8.54592 -15.270802,-10.09665 -7.592803,-1.28552 -12.1019222,-3.23205 -12.1019222,-5.22433 0,-1.57766 8.1807462,-8.88077 9.9479942,-8.88077 2.255649,0 6.734389,-5.73549 7.49088,-9.59283 1.714632,-8.74295 -1.98243,-13.97322 -12.464525,-17.63363 -12.47588482,-4.35666 -13.3848768,-7.77597 -3.3326912,-12.53625 10.3214352,-4.88775 11.7022542,-6.06116 13.6151102,-11.57018 1.739818,-5.01074 1.727305,-5.18907 -0.691475,-9.84614 -1.930335,-3.71668 -3.741518,-5.42253 -8.370219,-7.88353 -7.1090081,-3.77971 -10.7711596,-7.09007 -9.9920658,-9.0322 0.6837219,-1.70441 5.5635604,-3.78794 12.5309498,-5.35028 2.777915,-0.62292 6.170385,-1.83433 7.538803,-2.69201 4.670868,-2.9276 7.160786,-11.43733 4.929485,-16.84729 -0.411933,-0.99879 -3.975289,-4.94668 -7.918522,-8.77309 -3.943258,-3.82642 -6.968795,-7.53917 -6.723417,-8.25054 0.806185,-2.3374 5.432914,-3.78013 12.170997,-3.7952 7.49512,-0.0158 11.675662,-1.66458 14.770275,-5.82189 4.613672,-6.19798 3.760175,-13.293 -2.389354,-19.86255 -1.554788,-1.66097 -3.731204,-4.67434 -4.836472,-6.69637 -2.996769,-5.48239 -1.321944,-6.34946 10.601658,-5.48842 10.986023,0.79334 15.649093,-0.63754 19.078947,-5.85436 2.887977,-4.3926 2.208472,-12.7625 -1.4873,-18.32067 -1.516611,-2.28083 -3.067657,-5.72862 -3.446766,-7.6617 -0.595762,-3.037799 -0.381374,-3.591736 1.580019,-4.082379 1.24811,-0.312209 4.72174,0.127177 7.719166,0.976502 2.997428,0.849303 7.951102,1.764077 11.008173,2.032827 4.829126,0.42456 6.037224,0.13919 9.209094,-2.175035 3.980799,-2.904481 6.805595,-7.30195 6.805595,-10.594583 0,-1.152262 -0.972581,-4.856761 -2.161295,-8.232207 -1.188716,-3.375424 -2.017434,-7.551319 -1.841606,-9.279757 0.436167,-4.287544 4.389376,-4.708749 10.359264,-1.103748 7.88287,4.760164 11.82875,5.635559 17.32612,3.84376 3.03002,-0.987612 5.802,-2.830533 7.54452,-5.015926 2.62741,-3.295127 2.72668,-3.867359 2.14944,-12.390352 -0.33286,-4.914637 -0.34665,-9.881505 -0.0306,-11.037484 0.96982,-3.547555 5.49272,-2.651032 11.39678,2.259071 6.0812,5.057434 10.81332,6.891808 15.55578,6.030128 9.12211,-1.657481 13.36552,-7.165954 13.36552,-17.350079 0,-6.760525 1.61588,-11.160625 4.09857,-11.160625 0.9108,0 4.50483,2.887206 7.98673,6.415991 7.43469,7.534882 9.45346,8.683767 15.25866,8.683767 8.1841,0 12.25199,-3.49002 14.66669,-12.583136 1.8736,-7.055574 3.24269,-10.325425 4.86134,-11.610441 2.2209,-1.763168 5.91188,1.240674 9.43122,7.67539 4.1514,7.590425 8.48261,10.689117 15.07374,10.784216 7.1795,0.103601 11.15817,-2.86594 15.10006,-11.270189 3.08869,-6.585221 5.66558,-10.175395 7.30349,-10.175395 1.96084,0 5.20431,4.730965 6.76561,9.868446 2.2121,7.278964 4.18489,9.9781 9.01624,12.335852 7.89186,3.851309 13.68361,1.77269 20.82441,-7.473742 9.20322,-11.91705 12.62403,-10.811012 14.4052,4.657561 0.64158,5.571744 1.1874,6.707978 4.83092,10.056402 3.78517,3.47864 4.58781,3.774934 10.22515,3.774934 5.98383,0 6.2646,-0.128085 12.84688,-5.859764 11.39832,-9.925461 13.04018,-9.414415 13.05059,4.062046 0.009,10.927083 2.13325,15.490111 8.57463,18.414042 5.40322,2.452649 10.53823,1.481587 18.08331,-3.419721 4.12259,-2.678055 7.53603,-4.136744 9.68027,-4.136744 h 3.31216 l -0.43489,5.284926 c -0.23918,2.906702 -1.07164,7.36538 -1.84991,9.908186 -1.30452,4.262336 -1.2359,4.969634 0.87897,9.05986 4.51961,8.740985 11.44419,10.803668 22.00056,6.553483 3.57936,-1.44112 8.24401,-2.620223 10.36589,-2.620223 h 3.85795 l -0.64265,4.27825 c -0.35344,2.353059 -1.83847,6.50676 -3.30006,9.230472 -3.19792,5.959448 -3.25181,7.144258 -0.59436,13.074638 2.95195,6.58763 7.27025,8.95635 14.7744,8.10426 3.18332,-0.36147 8.62038,-0.72643 12.08236,-0.81103 8.28246,-0.20244 8.62884,1.41289 2.22529,10.3779 -4.3084,6.03179 -4.83659,7.37814 -4.83659,12.32879 0,10.00464 5.36713,13.88224 19.21493,13.88224 14.36689,0 15.26965,2.27742 4.98797,12.58314 -6.24465,6.25928 -7.98519,10.87411 -6.22316,16.49989 1.99606,6.37296 5.78167,9.11905 14.13012,10.25 8.25746,1.11865 12.45043,2.77699 12.92013,5.11005 0.39835,1.97869 -3.15533,5.72142 -8.21598,8.65302 -6.21572,3.60073 -8.40381,6.52659 -9.10277,12.17196 -0.55278,4.46467 -0.27087,5.71668 2.03913,9.05574 1.54102,2.22756 4.17526,4.41197 6.19649,5.13846 6.7908,2.44074 14.9848,6.61899 15.3791,7.84203 0.62739,1.94603 -4.29019,5.66447 -10.16258,7.68446 -9.71579,3.34206 -14.07796,11.21944 -10.83689,19.56961 1.54464,3.97956 2.74268,5.15905 8.44193,8.31129 8.18512,4.52715 10.98653,7.09517 10.11367,9.27107 -0.7129,1.77711 -7.04404,4.26634 -13.33457,5.2428 -5.23768,0.81302 -9.7483,4.63678 -11.93718,10.11942 -1.6888,4.23001 -1.69006,4.7694 -0.0205,8.94957 0.97675,2.44656 2.81691,5.11874 4.08925,5.93818 5.0301,3.23964 10.20589,8.61626 10.20589,10.60191 0,2.9041 -2.65824,3.98733 -11.29057,4.60089 -4.08322,0.29024 -8.60959,1.0444 -10.05858,1.67593 -4.06182,1.77033 -7.35887,6.78461 -7.84138,11.92542 -0.43719,4.65809 0.97664,7.5068 8.02782,16.17519 5.83424,7.17236 2.69124,10.06398 -9.10044,8.37262 -4.27403,-0.61306 -8.4375,-0.66449 -10.47158,-0.12944 -5.23369,1.3768 -9.53501,6.13131 -10.37092,11.46354 -0.63153,4.02853 -0.25753,5.40794 3.1568,11.64267 6.60999,12.07024 3.7957,15.4636 -9.02191,10.87824 -9.64563,-3.4506 -17.05147,-1.63202 -21.33986,5.2402 -2.10016,3.36558 -2.13887,9.5924 -0.0888,14.28586 0.86818,1.98762 1.57852,5.66689 1.57852,8.17615 0,4.15349 -0.2279,4.56225 -2.54346,4.56225 -1.39891,0 -5.66768,-1.58548 -9.48618,-3.52328 -10.07768,-5.11419 -16.29437,-4.56513 -22.69763,2.00466 -2.48062,2.54513 -2.63085,3.34098 -2.63085,13.93708 v 11.23782 l -2.66946,0.29782 c -2.50872,0.27985 -5.02419,-1.16778 -13.73295,-7.90325 -9.28522,-7.1813 -23.05229,0.30071 -23.06628,12.53589 -0.007,6.3026 -1.74126,12.61786 -3.65784,13.3214 -2.06906,0.75949 -6.70391,-2.46049 -10.2146,-7.0964 -4.36371,-5.7624 -7.80161,-7.61774 -14.12992,-7.62554 -3.93847,-0.005 -6.16235,0.5799 -8.28783,2.17921 -3.26951,2.46012 -6.78995,9.1157 -6.83076,12.91391 -0.0397,3.68501 -3.80144,9.05986 -6.34093,9.05986 -2.03435,0 -4.61317,-3.18845 -9.6257,-11.90114 -2.49835,-4.34258 -6.43142,-6.44007 -12.23312,-6.52378 -7.46736,-0.10771 -11.24305,2.48099 -15.11218,10.36144 -4.97376,10.13028 -7.2795,11.89339 -10.75273,8.22214 z m 55.53748,-37.319 c 58.00284,-11.29279 105.85313,-42.11505 137.65801,-88.671 25.17207,-36.84683 35.75829,-76.24342 33.22446,-123.6447 C 458.18362,169.6606 414.93605,105.39652 351.28435,72.863238 315.61446,54.631825 275.28802,46.566378 235.07419,49.620706 184.79934,53.439211 138.4628,73.547322 103.86653,106.55933 c -18.604781,17.75281 -29.779645,32.3538 -41.189005,53.81728 -23.137593,43.52674 -28.614962,95.07432 -15.183794,142.89432 1.797558,6.39995 3.962277,14.3542 4.810491,17.67614 0.848214,3.32195 2.165557,6.7194 2.927445,7.54989 0.761887,0.83048 3.991114,6.49289 7.176065,12.58311 11.022001,21.07628 23.782574,37.56679 42.467628,54.88109 32.5096,30.12461 70.02426,47.97336 115.08237,54.75393 15.68559,2.36044 55.84899,1.60507 70.94654,-1.33433 z M 249.8805,424.6727 c -1.87086,-2.73133 -7.79324,-20.13814 -7.81185,-22.96032 -0.0158,-2.56571 21.89351,-23.38515 25.98358,-24.68977 2.84947,-0.90889 3.78411,-0.76333 6.05097,0.94236 4.45924,3.35533 3.40146,5.04235 -5.76338,9.19191 -5.3946,2.44251 -10.69571,5.87307 -14.85712,9.61468 l -6.46993,5.81723 3.04474,6.48998 c 1.67461,3.56951 4.61088,8.4527 6.52509,10.85153 2.77363,3.4759 3.22868,4.65158 2.24102,5.78996 -2.03627,2.34707 -7.01761,1.76354 -8.94312,-1.04756 z m -23.40629,-0.84115 c -1.26891,-1.29204 -2.3071,-2.83633 -2.3071,-3.43174 0,-0.59539 3.07987,-7.49368 6.84415,-15.32953 6.77751,-14.10818 11.04564,-24.79609 11.04564,-27.65961 0,-2.39699 2.00986,-2.89878 4.74477,-1.18459 5.32694,3.33882 5.18063,4.31395 -2.8984,19.31686 -4.14329,7.69416 -8.8033,17.5958 -10.35557,22.00365 -1.5523,4.40786 -3.25974,8.15375 -3.79436,8.32421 -0.53461,0.17048 -2.01023,-0.74718 -3.27913,-2.03925 z m 62.99681,-2.83572 c -2.9911,-1.74004 -3.37211,-2.41096 -2.83307,-4.98913 0.34254,-1.63832 0.93223,-6.5281 1.31045,-10.86619 0.6713,-7.69998 0.62807,-7.90329 -1.81819,-8.55454 l -2.50583,-0.66711 2.79973,-1.67662 c 2.99352,-1.79266 4.04049,-4.88843 4.04049,-11.94747 0,-3.61634 -0.3931,-4.45363 -2.36775,-5.04311 -3.78281,-1.12925 -5.64733,-5.46873 -2.34975,-5.46873 0.87811,0 7.24662,-1.80674 14.15223,-4.01499 6.90561,-2.20821 13.18227,-3.78495 13.94812,-3.50382 0.76584,0.28113 1.93333,1.3396 2.59439,2.35215 1.07466,1.64611 0.68224,1.95691 -3.70585,2.93514 -2.69924,0.60174 -6.63235,1.78857 -8.74019,2.63745 -3.63175,1.46257 -3.89622,1.89383 -5.05086,8.2364 -0.67014,3.68114 -1.00427,6.89791 -0.74247,7.14831 0.26178,0.25043 2.47827,-0.11855 4.92549,-0.81992 4.18453,-1.19928 4.56636,-1.13723 6.41087,1.04174 2.18308,2.57893 1.76924,4.12054 -1.10617,4.12054 -1.04626,0 -4.26955,0.94109 -7.16293,2.09132 l -5.26064,2.09131 -0.66756,6.10956 c -0.79521,7.27794 -0.86825,13.86743 -0.1537,13.86743 0.28261,0 4.51779,-1.58546 9.41149,-3.52328 4.89371,-1.93779 9.64495,-3.52327 10.55829,-3.52327 1.53394,0 4.61145,4.5837 3.62808,5.40367 -0.23872,0.19904 -4.45925,1.49026 -9.37893,2.86939 -4.9197,1.37909 -10.64027,3.22671 -12.7124,4.10579 -3.54577,1.50431 -3.97085,1.48005 -7.22334,-0.41202 z m -95.7848,-3.84746 c -2.37947,-4.25301 -1.23002,-8.60448 4.6323,-17.53667 6.30724,-9.61008 17.80187,-23.38306 20.79297,-24.91434 1.48281,-0.7591 2.50773,-0.40993 4.56039,1.55359 l 2.64772,2.53278 -6.13506,5.8687 c -6.6503,6.36156 -17.30004,20.91128 -21.3647,29.18851 -2.80519,5.71248 -3.52765,6.17794 -5.13362,3.30743 z m -45.11051,-18.79328 c -6.30151,-3.00381 -10.54101,-7.7383 -11.38517,-12.71442 -0.58214,-3.43151 -0.5443,-3.468 11.88912,-11.47261 6.86021,-4.41657 14.48572,-9.10841 16.94556,-10.42628 2.45986,-1.31784 4.47246,-2.71423 4.47246,-3.10309 0,-0.38883 -2.11994,-1.01108 -4.71101,-1.38275 -5.43486,-0.77963 -6.13913,-1.48032 -5.17629,-5.15001 0.65413,-2.49313 0.98713,-2.62734 5.03081,-2.02768 6.76005,1.00246 19.5477,7.25536 24.00585,11.73836 3.18694,3.20473 3.99456,4.78479 3.96487,7.75706 -0.0205,2.05289 -0.6444,4.77907 -1.38638,6.05814 -1.8208,3.13875 -6.90409,6.21618 -10.28128,6.2243 -2.54265,0.007 -2.79996,0.40391 -3.26666,5.05009 -0.27864,2.77387 -1.32904,5.91276 -2.33427,6.97528 -5.44252,5.75282 -18.4564,6.91214 -27.76761,2.47361 z m 20.87904,-4.04357 c 4.58743,-1.75582 6.30464,-3.86108 6.30464,-7.72921 0,-1.97479 -0.92039,-2.78229 -4.7771,-4.19122 -2.62741,-0.95986 -6.17006,-2.86641 -7.87261,-4.23681 l -3.09553,-2.49162 -7.9459,5.25451 c -4.37025,2.88997 -8.17651,5.61143 -8.45839,6.04772 -0.81168,1.25631 6.39248,6.02147 11.3361,7.49815 6.08395,1.81732 9.45685,1.78208 14.50879,-0.15143 z m 20.24817,-17.68757 c 2.58532,-2.86961 2.29865,-5.06321 -1.05235,-8.05298 -5.81676,-5.18968 -6.64273,-5.21999 -15.37903,-0.56431 -6.47435,3.45027 -7.62198,4.411 -6.15525,5.15278 0.99158,0.50145 2.76566,1.74254 3.94242,2.75794 4.72406,4.07636 15.24893,4.47523 18.64421,0.70657 z m 148.02585,19.03492 c -2.24943,-1.65208 -4.11817,-5.15941 -4.11817,-7.7292 0,-2.00732 0.14464,-2.03382 3.10477,-0.56951 12.50744,6.18702 35.90233,-5.97221 29.6485,-15.40945 -1.07799,-1.62672 -7.57143,-1.72191 -16.96813,-0.24873 -16.97644,2.6615 -23.15151,-0.24273 -23.15151,-10.88852 0,-7.81767 10.58488,-16.47109 21.92763,-17.92639 3.63059,-0.46583 4.39831,-0.20087 5.94079,2.05113 2.97634,4.34526 1.83793,5.82205 -4.71691,6.11889 -6.54145,0.29622 -11.57544,2.40493 -16.57439,6.9429 -7.36287,6.6839 -2.94358,9.56345 12.04044,7.84544 13.98899,-1.60394 17.49621,-1.43588 20.72435,0.99314 4.03176,3.03368 5.90875,7.14576 5.90875,12.94468 0,4.4132 -0.49441,5.60382 -3.76498,9.06679 -4.8267,5.11062 -12.93112,8.11053 -21.79377,8.06715 -3.5957,-0.0182 -7.28904,-0.58386 -8.20737,-1.25832 z M 242.0569,352.15324 c 0,-1.00665 -1.05235,-1.50997 -3.15701,-1.50997 -1.73638,0 -3.15703,0.45299 -3.15703,1.00665 0,1.8313 -4.11432,1.04418 -5.26171,-1.00665 -1.21399,-2.16988 -5.87016,-2.78381 -6.53974,-0.86231 -0.29795,0.85503 -1.0046,0.84205 -2.74804,-0.0506 -1.2908,-0.66084 -2.06839,-1.63262 -1.72796,-2.15954 0.34044,-0.52691 -0.6725,-1.42772 -2.25097,-2.00181 -2.06938,-0.75261 -3.07785,-0.72203 -3.61516,0.10954 -1.11829,1.73092 -5.21731,0.0953 -5.21731,-2.08198 0,-1.96739 -3.42215,-3.60418 -5.26171,-2.51663 -1.7608,1.041 -5.47,-0.54535 -4.85572,-2.0767 0.71279,-1.77682 -3.62301,-4.81179 -4.99678,-3.49766 -1.43326,1.37103 -4.88027,-0.65017 -4.88027,-2.86156 0,-2.34653 -3.735,-5.69582 -4.69493,-4.21006 -1.16287,1.79985 -4.9851,-0.74153 -4.28569,-2.84951 0.69817,-2.10419 -2.93261,-5.68231 -4.70353,-4.63531 -1.61394,0.95414 -4.32096,-2.68296 -3.07002,-4.1248 1.15005,-1.32556 -1.70494,-4.04863 -4.81882,-4.5962 -1.5369,-0.27025 -2.11506,-1.18089 -2.14309,-3.37556 -0.049,-3.84147 -1.15567,-5.52203 -3.636,-5.52203 -2.16805,0 -4.1875,-4.20417 -2.3074,-4.80364 1.80814,-0.57656 -0.8805,-5.26287 -3.01944,-5.26287 -2.24941,0 -3.52429,-2.82875 -2.04389,-4.53508 1.35874,-1.5661 -0.53567,-6.965 -2.11607,-6.03065 -0.58477,0.34572 -1.47512,-0.41978 -1.97858,-1.70107 -0.62707,-1.59589 -0.5029,-2.55943 0.3942,-3.05923 1.9014,-1.05931 0.67989,-5.54356 -1.67014,-6.13144 -2.05342,-0.51365 -2.89805,-4.71545 -0.94793,-4.71545 0.57879,0 1.05235,-1.35897 1.05235,-3.01995 0,-2.01331 -0.52617,-3.01996 -1.57851,-3.01996 -0.96338,0 -1.57852,-0.93875 -1.57852,-2.40892 0,-1.32491 0.71034,-2.66967 1.57852,-2.98835 0.86819,-0.3187 1.57851,-1.51387 1.57851,-2.65593 0,-1.14206 -0.71032,-2.33724 -1.57851,-2.65591 -0.86818,-0.31869 -1.57852,-1.66344 -1.57852,-2.98835 0,-1.47017 0.61514,-2.40894 1.57852,-2.40894 1.05234,0 1.57851,-1.00666 1.57851,-3.01995 0,-1.66097 -0.47356,-3.01996 -1.05235,-3.01996 -2.06401,0 -1.11902,-4.78177 1.05235,-5.32493 1.42223,-0.35576 2.10468,-1.37308 2.10468,-3.13736 0,-1.43596 -0.47355,-2.61085 -1.05233,-2.61085 -1.96067,0 -1.10295,-4.20244 0.96322,-4.7193 2.37065,-0.59301 3.95733,-5.31126 2.14617,-6.38203 -1.68857,-0.99827 0.64104,-5.11036 2.50709,-4.4254 1.99063,0.73072 3.85613,-3.66153 2.45499,-5.78024 -1.31081,-1.9821 0.74722,-5.04224 2.8676,-4.26389 1.61656,0.59338 4.17057,-4.28705 2.69885,-5.15714 -1.72702,-1.02101 0.98724,-4.67311 3.0154,-4.05735 2.20824,0.67043 4.74198,-2.84457 3.89359,-5.40151 -0.68667,-2.06956 1.92927,-4.62384 3.67716,-3.5905 1.59944,0.9456 5.23378,-2.38313 4.52662,-4.14595 -0.76457,-1.90587 1.72218,-4.65446 3.59056,-3.96862 2.47727,0.90933 5.72503,-1.33952 5.01687,-3.47386 -0.73028,-2.20099 2.70855,-4.55627 4.35408,-2.98218 1.37996,1.32003 5.70799,-1.72476 4.99129,-3.51139 -0.74429,-1.85539 3.74657,-4.29156 4.82738,-2.61871 1.04916,1.6239 6.36841,-0.73847 5.65683,-2.51229 -0.74237,-1.8506 3.17282,-3.71849 4.71069,-2.24739 1.4638,1.40024 6.98428,-0.67638 5.97028,-2.24585 -0.93389,-1.44544 2.59608,-2.49742 4.61921,-1.37661 2.56078,1.4187 6.1541,0.5209 6.75809,-1.68851 0.54686,-2.0004 4.94134,-2.84532 4.94134,-0.95008 0,0.55364 1.42066,1.00663 3.15702,1.00663 1.9864,0 3.15703,-0.51634 3.15703,-1.39255 0,-1.95174 4.19115,-2.84407 4.9125,-1.04592 0.76506,1.90717 4.55856,1.84213 4.55856,-0.0782 0,-0.93953 0.99389,-1.50997 2.63086,-1.50997 1.63699,0 2.63085,0.57044 2.63085,1.50997 0,1.00666 1.05234,1.50998 3.15703,1.50998 1.73637,0 3.15701,-0.45299 3.15701,-1.00666 0,-0.55365 1.1839,-1.00664 2.63087,-1.00664 1.53839,0 2.63085,0.57827 2.63085,1.39257 0,2.02693 4.49296,2.91264 5.86702,1.15657 1.36191,-1.7405 5.70873,-0.92398 5.70873,1.07237 0,1.86197 5.24551,3.06562 6.29317,1.44405 0.61966,-0.95907 1.32897,-0.97887 3.07356,-0.0857 1.24738,0.63861 1.99124,1.58943 1.65301,2.11296 -0.33826,0.52352 0.6295,1.49427 2.15057,2.15722 2.19757,0.95782 2.93869,0.93735 3.6087,-0.0998 1.11676,-1.72851 5.72127,0.47761 4.95964,2.37623 -0.28809,0.71813 0.69979,1.92913 2.19525,2.69108 2.12319,1.08181 2.81523,1.11144 3.1579,0.13511 0.67627,-1.92657 4.47846,0.41686 4.47846,2.76028 0,2.28884 3.34627,4.28025 5.72503,3.40706 2.16497,-0.7947 4.84458,1.34638 4.07767,3.25814 -0.73856,1.84107 2.75118,4.49819 5.0446,3.841 2.01728,-0.57806 4.58035,2.02108 3.55617,3.60625 -0.87049,1.34736 2.52907,5.2003 3.88243,4.40019 1.65874,-0.98063 4.11276,1.77615 3.42537,3.84795 -0.76553,2.30725 2.24354,5.93073 4.29863,5.17634 1.87704,-0.689 3.94935,2.99459 2.47701,4.40298 -1.45185,1.38884 1.08274,5.30617 3.43324,5.30617 2.04824,0 3.51001,2.9505 2.12036,4.27981 -1.56967,1.50151 -0.0617,4.86424 2.61847,5.839 2.45893,0.8943 3.33999,3.35119 1.5758,4.39417 -1.58131,0.93487 -0.0204,5.41528 2.06799,5.93783 2.12877,0.53251 2.79437,4.29445 0.86848,4.90854 -1.63041,0.51988 -0.0158,5.84678 1.77203,5.84678 0.86051,0 1.46443,1.03789 1.46443,2.51665 0,1.38414 -0.47356,2.51663 -1.05236,2.51663 -0.57878,0 -1.05233,1.35897 -1.05233,3.01995 0,2.0133 0.52617,3.01995 1.57852,3.01995 0.96335,0 1.5785,0.93876 1.5785,2.40892 0,1.32491 -0.71034,2.66967 -1.5785,2.98838 -0.86818,0.31867 -1.57852,1.72611 -1.57852,3.12764 0,1.59398 0.59112,2.54823 1.57852,2.54823 2.31876,0 1.92372,3.77903 -0.52619,5.03324 -2.15596,1.10375 -3.01602,6.03991 -1.05233,6.03991 2.06402,0 1.11903,4.78176 -1.05234,5.32493 -2.18743,0.54718 -3.03034,5.08215 -1.15114,6.19314 1.58421,0.93659 -0.011,4.58833 -2.00587,4.58833 -2.15226,0 -3.5584,3.86102 -2.04252,5.60826 1.42521,1.64271 0.0922,4.45826 -2.11053,4.45826 -2.36442,0 -4.5604,4.34868 -2.96612,5.87375 1.3987,1.33794 -0.74882,4.19276 -3.154,4.19276 -2.38265,0 -4.53773,3.22695 -3.19143,4.77873 1.37587,1.58582 -0.72606,4.28111 -3.33864,4.28111 -2.46827,0 -5.8321,3.5908 -4.24362,4.52993 0.83233,0.49206 0.65272,1.27055 -0.59824,2.59284 -0.98325,1.03927 -2.17872,1.65846 -2.6566,1.37592 -1.55832,-0.92128 -5.17405,1.96468 -4.60607,3.67643 0.65545,1.97556 -2.06081,4.36754 -4.10678,3.61651 -1.98428,-0.72836 -5.96647,2.05281 -5.30397,3.70432 0.80161,1.99826 -2.3855,4.17132 -4.10997,2.80229 -1.74244,-1.38333 -6.15357,1.26219 -5.36832,3.2196 0.28949,0.72169 -0.63816,1.80911 -2.07916,2.43716 -1.96633,0.85701 -2.70359,0.84223 -3.01818,-0.0606 -0.31837,-0.91371 -1.09098,-0.90049 -3.28597,0.0562 -1.57834,0.68792 -2.59295,1.67911 -2.25471,2.20263 0.96394,1.49197 -3.53142,3.4095 -5.09078,2.17152 -1.94578,-1.54472 -5.92893,-0.18839 -5.92893,2.01873 0,1.35119 -0.75589,1.8959 -2.63086,1.8959 -1.44696,0 -2.63086,-0.48353 -2.63086,-1.07451 0,-1.32959 -4.31212,-0.21944 -5.78788,1.4902 -1.82246,2.11118 -4.76455,2.69659 -5.41414,1.07729 -0.78066,-1.94605 -5.52488,-1.93328 -6.30722,0.0182 -0.66838,1.66605 -5.64227,2.10976 -5.64227,0.50327 0,-0.55364 -1.42068,-1.00663 -3.15702,-1.00663 -1.73637,0 -3.15702,0.45299 -3.15702,1.00663 0,0.55366 -1.18389,1.00665 -2.63086,1.00665 -1.63699,0 -2.63086,-0.57044 -2.63086,-1.50996 z m 27.22701,-16.14201 c 17.9929,-3.26499 31.27522,-10.16272 45.4841,-23.62068 11.37681,-10.77558 17.301,-19.54567 21.9622,-32.51256 20.01624,-55.68263 -23.25783,-113.80008 -84.67607,-113.72071 -40.70626,0.0526 -75.41291,25.27472 -86.94462,63.18459 -2.07794,6.83115 -2.4434,10.26816 -2.40834,22.64963 0.0367,12.97534 0.36203,15.60264 2.92857,23.6563 8.58001,26.9234 27.40861,46.2118 55.64528,57.00415 12.43466,4.75269 32.56701,6.16137 48.00888,3.35928 z m -28.27936,-1.4756 c -28.71477,-3.56978 -54.73522,-21.62685 -67.33826,-46.72981 -6.58169,-13.10947 -7.86722,-19.03326 -7.88141,-36.31764 -0.011,-13.03782 0.32372,-16.12589 2.44914,-22.61418 10.84097,-33.09454 39.1355,-55.91516 73.79999,-59.52252 43.31834,-4.50791 83.06022,21.61085 94.34372,62.00369 2.84105,10.17038 2.64726,31.35217 -0.38281,41.84414 -10.09647,34.96031 -41.79869,59.49191 -79.7314,61.69725 -4.63031,0.2692 -11.49685,0.10673 -15.25897,-0.36093 z m 20.83096,-5.53878 c 0.44199,-0.36276 -8.3568,-28.02435 -9.20921,-28.95184 -0.38872,-0.42297 -2.52977,5.46595 -4.75787,13.08646 -2.22813,7.62053 -4.24851,14.39033 -4.48974,15.04401 -0.56169,1.52197 4.79862,2.20009 12.35864,1.56345 3.18333,-0.26807 5.92752,-0.602 6.09818,-0.74208 z m -15.49241,-16.95464 4.99608,-16.84887 -2.26819,-7.50948 c -1.24752,-4.13018 -2.7009,-7.37148 -3.22979,-7.20284 -0.52888,0.16866 -3.07827,2.87263 -5.66532,6.0089 l -4.70373,5.70225 -1.96905,17.31378 c -1.08298,9.52257 -1.75645,17.51716 -1.49657,17.76575 0.6635,0.63471 7.21868,2.05606 8.38002,1.81706 0.52827,-0.1088 3.20873,-7.77969 5.95655,-17.04655 z m 24.87638,15.64852 c 0.98832,-0.60079 0.80147,-4.70766 -0.82983,-18.23874 l -2.10536,-17.46331 -4.83231,-5.88368 c -2.65776,-3.23605 -5.20449,-5.66367 -5.65938,-5.39474 -0.4549,0.26894 -1.64053,3.78959 -2.63471,7.82365 l -1.80766,7.33469 4.87674,15.07867 c 2.68223,8.29329 4.87676,15.63466 4.87676,16.31418 0,1.36808 6.04539,1.68784 8.11575,0.42928 z m -41.69815,-1.45874 c 0.3434,-0.93392 3.80354,-30.50993 3.5964,-30.74052 -0.14304,-0.15915 -4.87736,5.19913 -10.52086,11.90729 -6.64714,7.90109 -9.90054,12.54144 -9.23758,13.17563 2.07978,1.98944 15.75112,6.77518 16.16204,5.6576 z m 55.00217,-3.02456 7.17137,-3.27618 -10.26635,-12.32234 c -5.64652,-6.77728 -10.41068,-12.18427 -10.58708,-12.01555 -0.17637,0.16866 0.46513,7.18809 1.42559,15.59854 1.43771,12.5896 2.04128,15.29175 3.41569,15.29175 0.91819,0 4.89652,-1.47428 8.84078,-3.27622 z m -61.99154,-18.4146 11.36088,-13.6376 0.83383,-7.2504 c 0.45855,-3.98772 0.67141,-7.40721 0.47295,-7.59888 -0.19836,-0.19179 -3.28932,1.1446 -6.86859,2.96952 -7.31729,3.73073 -8.04255,4.65239 -17.9494,22.80974 l -6.7352,12.34431 2.63086,1.97808 c 1.44697,1.08794 3.14002,1.98814 3.7623,2.00045 0.62229,0.011 6.24385,-6.11453 12.49237,-13.61522 z m 75.76578,11.25672 3.09764,-2.37088 -8.93957,-15.49217 -8.93959,-15.49215 -7.64788,-3.8601 -7.6479,-3.86011 0.735,7.38339 c 0.40425,4.06086 1.15415,8.15873 1.66644,9.10639 1.96509,3.6352 22.16119,26.96628 23.33872,26.96152 0.68175,-0.002 2.63346,-1.0719 4.33714,-2.37589 z m -88.19016,-17.06899 c 4.13242,-7.29644 7.41117,-13.37631 7.28613,-13.51083 -0.24552,-0.26406 -27.71071,14.27285 -28.63278,15.15489 -0.30642,0.29309 2.38582,3.30469 5.9827,6.6924 3.59688,3.38773 6.83472,5.88279 7.19515,5.54464 0.36043,-0.33819 4.03638,-6.58469 8.1688,-13.8811 z m 105.05547,0.46076 c -1.78656,-1.59217 -26.97981,-14.39689 -27.44683,-13.95012 -0.44655,0.42714 12.5098,23.19124 14.63057,25.7057 0.87439,1.03671 2.49211,0.007 7.47643,-4.76146 3.97937,-3.80658 5.97847,-6.42502 5.33983,-6.99412 z m -111.32522,-9.01827 15.75924,-8.37769 3.86353,-6.84246 c 2.12494,-3.76337 3.86353,-7.04304 3.86353,-7.28817 0,-0.63677 -16.07561,1.23613 -17.46518,2.03478 -3.12377,1.79538 -27.68971,20.89873 -27.73426,21.56714 -0.0785,1.1784 4.59847,7.79262 5.31909,7.52228 0.34914,-0.13103 7.72647,-4.00814 16.39405,-8.61588 z m 116.63683,3.81387 1.5819,-2.9262 -14.39192,-11.04085 c -14.05209,-10.7801 -14.54572,-11.05656 -20.90609,-11.70812 -10.29561,-1.05471 -10.40916,-0.92634 -5.79681,6.55206 l 4.01671,6.51257 16.11592,8.26573 c 8.86376,4.54611 16.49449,8.04189 16.95715,7.76836 0.46273,-0.27355 1.55312,-1.81416 2.42314,-3.42355 z m -65.86287,-9.78051 2.13092,-6.79449 -2.55254,-2.4417 -2.5525,-2.44168 -1.97019,2.32742 c -1.92798,2.27758 -1.92459,2.47546 0.15665,9.23619 1.16978,3.79981 2.2461,6.90872 2.39178,6.90872 0.14576,0 1.2238,-3.0575 2.39582,-6.79446 z m -60.38753,-4.80986 c 6.58689,-4.96761 11.99347,-9.28964 12.01463,-9.60454 0.0203,-0.31489 -6.94652,0.23197 -15.48364,1.21525 -8.53711,0.98326 -15.92854,1.80715 -16.42537,1.83084 -1.2168,0.058 -0.22908,3.51451 3.00062,10.50035 1.47549,3.1915 3.18556,5.64238 3.80015,5.44642 0.6146,-0.19587 6.50673,-4.42072 13.09361,-9.38832 z m 132.29361,3.80279 c 4.58048,-9.94579 4.58076,-10.04771 0.029,-10.69693 -10.49336,-1.49665 -24.29466,-2.80095 -26.31828,-2.48724 -1.81994,0.28214 0.011,2.12826 9.51327,9.59232 6.47183,5.08362 12.29421,9.27379 12.93867,9.31151 0.64444,0.0376 2.37128,-2.53613 3.83746,-5.71966 z m -82.69388,-3.98569 c 1.04179,-1.47023 1.33776,-3.26151 0.87316,-5.28493 -0.83944,-3.65601 -1.27983,-3.72705 -4.90226,-0.79088 -2.33987,1.89656 -2.87524,3.3121 -3.3295,8.80317 l -0.54128,6.54323 3.16196,-3.52326 c 1.73909,-1.9378 3.87114,-4.52411 4.73792,-5.74733 z m 23.00904,0.21514 c -0.54154,-4.14606 -1.28845,-5.75827 -3.23211,-6.97653 -3.39195,-2.12597 -3.45846,-2.09626 -4.24113,1.89458 -0.59312,3.02427 -0.15757,4.09155 3.333,8.16634 2.20843,2.57803 4.20188,4.15192 4.42991,3.49754 0.22801,-0.65441 0.0977,-3.61629 -0.28967,-6.58193 z m -30.65051,-8.91595 c 0.79505,-3.78446 0.24576,-4.42574 -3.35757,-3.91985 -2.399,0.33682 -3.691,1.60666 -6.36038,6.25143 -1.84238,3.20584 -3.34982,6.09896 -3.34982,6.42921 0,0.33023 2.80451,-0.8597 6.23225,-2.64434 4.83821,-2.519 6.36715,-3.8871 6.83552,-6.11645 z m 44.62958,7.65327 c -3.23822,-6.85195 -6.46469,-11.32483 -8.16896,-11.32483 -1.10048,0 -2.78473,-0.28773 -3.74273,-0.63938 -1.44091,-0.52892 -1.68306,-0.0614 -1.40153,2.70487 0.29011,2.85034 1.19518,3.83102 6.12828,6.64011 5.7737,3.28777 7.86041,4.04847 7.18494,2.61923 z m -31.70016,-5.18208 c 1.04988,-1.60813 0.9234,-1.99147 -0.79923,-2.42239 -1.60835,-0.40232 -2.04645,0.007 -2.04645,1.91045 0,2.91108 1.14492,3.11704 2.84568,0.51194 z m 8.98765,-0.60617 c 0.52007,-2.60247 0.0242,-2.9432 -2.78308,-1.91268 -1.26049,0.46269 -1.39504,1.05131 -0.57521,2.51663 1.47015,2.62774 2.75879,2.39599 3.35829,-0.60395 z m -16.67875,-4.22795 c -2.72277,-1.90449 -3.57332,-1.62209 -3.57332,1.18643 0,2.31835 0.1927,2.41102 2.72211,1.30862 2.53641,-1.1055 2.59447,-1.27568 0.85121,-2.49505 z m -48.82398,1.05968 16.31128,-1.66095 5.74046,-4.12862 c 3.15722,-2.27073 6.22161,-4.44372 6.80973,-4.82886 1.65688,-1.08504 0.4248,-1.7132 -7.45922,-3.80314 l -7.31073,-1.93792 -17.17477,4.94056 c -9.44613,2.71732 -17.40911,5.16471 -17.69551,5.43868 -0.28641,0.27397 -0.2056,2.10471 0.17956,4.06833 0.82624,4.21307 -0.6519,4.07587 20.5993,1.91192 z m 73.66389,0.20766 c 0,-1.96813 -2.03983,-3.04073 -3.36749,-1.77072 -0.59367,0.56791 -0.76125,1.52502 -0.37237,2.12693 1.03152,1.59657 3.73986,1.33861 3.73986,-0.35621 z m 65.78332,-2.64387 c 0.39775,-2.25193 0.43079,-4.3741 0.0735,-4.71591 -0.35732,-0.3418 -8.44465,-2.74509 -17.9718,-5.34061 l -17.32215,-4.71913 -5.97369,1.88515 c -3.28555,1.03686 -6.58257,1.88518 -7.32676,1.88518 -3.29397,0 -2.02078,2.09868 4.03341,6.64863 l 6.51745,4.89807 14.76969,1.65032 c 8.12331,0.90765 16.50387,1.70707 18.62345,1.77652 3.7165,0.12172 3.87957,-0.0205 4.57693,-3.96822 z m -102.3176,-3.20772 c 2.40341,-2.64202 1.89658,-3.97195 -1.88205,-4.93864 -2.90878,-0.74416 -5.91655,0.89059 -13.67457,7.43217 -0.61111,0.51528 2.03634,0.61093 6.31405,0.22814 5.54014,-0.49576 7.83153,-1.1705 9.24257,-2.72167 z m 58.18034,1.33945 c -4.05053,-4.28142 -9.72706,-7.2445 -12.57079,-6.56178 -3.2048,0.76944 -3.43273,2.08605 -0.89623,5.17675 1.33714,1.62926 3.21037,2.3137 7.07991,2.58683 2.89393,0.20425 5.92704,0.45308 6.74023,0.55285 1.11357,0.13669 1.02641,-0.29647 -0.35312,-1.75465 z m -52.16395,-1.52776 c 0,-2.10161 -2.18315,-3.07085 -3.25858,-1.4467 -1.42661,2.15459 -1.13085,2.89727 1.15389,2.89727 1.15757,0 2.10469,-0.65275 2.10469,-1.45057 z m 21.80127,-0.23051 c 13.57586,-6.16245 7.39365,-26.0724 -7.50224,-24.1612 -3.15595,0.40492 -5.21095,1.50208 -7.72127,4.12239 -6.28865,6.56417 -4.08587,16.76195 4.38256,20.28902 4.32631,1.80189 6.42702,1.7534 10.84095,-0.25021 z m -12.9616,-4.76148 c -2.26862,-2.17011 -3.57798,-4.39872 -3.57798,-6.0899 0,-9.56211 11.43778,-14.50455 18.32347,-7.91782 3.47996,3.32885 4.31547,7.47194 2.26995,11.25584 -3.82904,7.08307 -11.23548,8.28088 -17.01544,2.75188 z m 10.73419,-1.3744 c 6.04204,-3.85923 1.87896,-13.28211 -5.09711,-11.53703 -2.32979,0.58279 -5.00568,4.05297 -5.00568,6.49152 0,3.98052 6.6054,7.27937 10.10279,5.04551 z m 17.24197,7.06197 c -0.009,-0.41524 -0.44633,-1.40535 -0.97214,-2.20024 -0.79232,-1.19774 -1.24006,-1.21973 -2.61473,-0.12831 -2.40707,1.91095 -2.03737,3.08363 0.97212,3.08363 1.44697,0 2.6236,-0.33975 2.61475,-0.75499 z m -84.53932,-7.51455 c 8.24967,-2.33361 14.84957,-4.38623 14.6665,-4.56137 -0.59149,-0.5658 -29.23408,-8.30877 -30.73557,-8.30877 -1.12132,0 -1.45262,1.95145 -1.45262,8.55654 0,5.97772 0.38011,8.55653 1.26115,8.55653 0.69362,0 8.01088,-1.90932 16.26054,-4.24293 z m 145.38437,-3.78933 c 0.17569,-3.57612 0.0616,-7.48378 -0.25313,-8.68366 l -0.57239,-2.1816 -8.6918,2.48133 c -4.7805,1.36471 -11.71522,3.33715 -15.41053,4.38318 -3.69532,1.04603 -6.9004,2.07565 -7.12243,2.28802 -0.58545,0.56004 28.27666,8.58538 30.15247,8.38414 1.18412,-0.12695 1.65827,-1.79388 1.89781,-6.67141 z m -100.81792,4.088 c 0,-0.50839 -0.29528,-1.66043 -0.65618,-2.56009 -0.59958,-1.49465 -0.82872,-1.48643 -2.65573,0.0951 -1.53754,1.33104 -1.68985,1.919 -0.65924,2.54468 1.81034,1.09905 3.97115,1.05563 3.97115,-0.0798 z m 42.09367,-0.0977 c 1.40312,-0.88111 1.40312,-1.10137 0,-1.98248 -2.36601,-1.48574 -3.15703,-1.23738 -3.15703,0.99124 0,2.22859 0.79102,2.47696 3.15703,0.99124 z m -47.35536,-2.9824 2.63085,-1.94641 -2.20214,-2.12307 c -2.18487,-2.10644 -2.257,-2.10907 -9.20799,-0.33733 -3.85321,0.98214 -7.00585,2.08598 -7.00585,2.45294 0,0.61896 9.73526,3.70915 12.10192,3.84145 0.5788,0.0322 2.23624,-0.81707 3.68321,-1.88758 z m 58.55717,-0.16346 7.21415,-2.15458 -5.26169,-1.794 c -6.82532,-2.32708 -8.61847,-2.34176 -11.60446,-0.095 l -2.46534,1.85504 2.27014,2.17156 c 1.24856,1.19436 2.35177,2.17157 2.45158,2.17157 0.0998,0 3.42784,-0.96957 7.39562,-2.15461 z m -69.77105,-5.19433 7.20212,-2.21422 -6.82394,-5.22624 -6.82393,-5.22622 -18.07638,-1.7691 c -20.06449,-1.96369 -19.99034,-1.97997 -20.02198,4.39189 -0.0158,3.09446 0.26192,3.31737 6.03483,4.85162 3.32805,0.88446 10.54975,2.89298 16.04822,4.46337 12.17646,3.47762 13.39213,3.51707 22.46106,0.7289 z m 106.77315,-5.46764 9.79348,-2.78651 -0.67933,-3.52328 c -0.37365,-1.9378 -0.87884,-3.71676 -1.1227,-3.95327 -0.24383,-0.2365 -8.53779,0.33651 -18.43098,1.27331 l -17.98761,1.70334 -6.2052,4.66342 c -3.41284,2.56489 -6.20517,4.98147 -6.20517,5.37021 0,0.38872 3.43325,1.60429 7.62946,2.70126 l 7.62948,1.9945 7.89257,-2.32824 c 4.34091,-1.28055 12.29961,-3.58218 17.686,-5.11474 z m -90.66071,5.22329 c 0.84878,-2.11582 -0.0948,-2.78934 -2.76998,-1.97716 -1.79199,0.54408 -1.99234,0.96469 -1.0028,2.10524 1.6098,1.85548 2.99593,1.80844 3.77278,-0.12808 z m 42.70353,0.16345 c 2.05375,-1.49184 1.41352,-2.63675 -1.47446,-2.63675 -1.22774,0 -1.9293,0.73211 -1.9293,2.0133 0,2.32703 0.84531,2.48187 3.40376,0.62345 z m -46.05826,-3.63081 c 2.62887,-0.9561 2.67359,-1.10432 1.17137,-3.88313 -1.27574,-2.35993 -2.46536,-3.00759 -6.49476,-3.53591 -9.62694,-1.26221 -9.87427,-1.0298 -4.113,3.86521 5.88845,5.00305 5.67389,4.92223 9.43639,3.55383 z m 57.91345,-5.56635 3.15701,-2.63634 -5.78787,0.56302 c -3.18331,0.30966 -6.54058,0.56696 -7.46055,0.57177 -0.91999,0.005 -2.23997,1.19977 -2.93334,2.65547 -1.43989,3.02297 -1.45841,2.98406 2.0137,4.22752 2.73644,0.97999 4.32009,0.20607 11.01105,-5.38144 z m -51.35219,1.63346 c 1.07982,-1.65397 0.90392,-1.9694 -1.32536,-2.37704 -2.66641,-0.48759 -3.01316,-0.005 -1.93161,2.69172 0.84104,2.09662 1.7394,2.00982 3.25697,-0.31468 z m 36.09324,-0.10636 c 0.99061,-1.77058 0.80029,-2.01331 -1.57852,-2.01331 -2.37879,0 -2.5691,0.24273 -1.5785,2.01331 0.6195,1.1073 1.32984,2.0133 1.5785,2.0133 0.24869,0 0.959,-0.906 1.57852,-2.0133 z m -34.72727,-4.96773 c 0,-3.07292 -2.52508,-6.00434 -7.32441,-8.50305 -2.99519,-1.55941 -5.68165,-2.60965 -5.96991,-2.33388 -0.2883,0.27576 0.97276,3.03865 2.80234,6.13974 3.0204,5.11947 3.65619,5.63831 6.90924,5.63831 1.97051,0 3.58274,-0.42351 3.58274,-0.94112 z m 3.59711,0.33009 c 2.2588,-0.82912 2.09259,-2.11897 -0.44008,-3.41557 -1.84744,-0.94578 -2.1047,-0.76556 -2.1047,1.47456 0,2.77702 0.0869,2.84327 2.54478,1.94101 z m 25.59773,-4.01012 c -0.33076,-0.31636 -1.67437,-0.0258 -2.98582,0.64549 -2.32641,1.19098 -2.33518,1.25523 -0.36023,2.63664 1.80046,1.25934 2.13058,1.18798 2.98582,-0.64549 0.52887,-1.13375 0.69095,-2.32025 0.36023,-2.63664 z m 11.4364,-1.88592 c 1.90703,-3.30204 3.3217,-6.14301 3.14369,-6.3133 -0.17795,-0.17024 -3.11523,1.18856 -6.52725,3.01966 -5.37779,2.88604 -6.24821,3.76915 -6.53872,6.63388 -0.32178,3.17292 -0.19972,3.29189 3.05988,2.98408 2.93374,-0.27703 3.86615,-1.13633 6.8624,-6.32432 z m -51.15467,4.84216 c 0,-0.36203 -1.66259,-3.50219 -3.69467,-6.97811 l -3.6947,-6.31986 -15.51054,-7.86999 c -8.53079,-4.32849 -15.99238,-7.99615 -16.58132,-8.15038 -0.58892,-0.15415 -1.94573,1.13641 -3.01509,2.86812 -2.31964,3.75635 -3.55068,2.35572 13.98221,15.90858 10.06082,7.777 13.92086,10.17861 16.83746,10.47584 6.91877,0.70505 11.67665,0.73186 11.67665,0.0658 z m 81.29339,-11.67262 c 7.95833,-6.11666 14.46969,-11.28674 14.46969,-11.48909 0,-1.15929 -4.90781,-7.35171 -5.78787,-7.30281 -0.57879,0.0322 -7.90246,3.7789 -16.27485,8.32613 -14.96302,8.12672 -15.29002,8.37861 -19.18461,14.77716 -2.17919,3.58022 -3.97142,6.90249 -3.98273,7.38277 -0.011,0.48057 3.64662,0.54811 8.13504,0.15007 l 8.15563,-0.72309 z m -101.86665,9.43317 c -0.54984,-0.48643 -6.44559,-5.06044 -13.10164,-10.16448 l -12.10195,-9.28005 -2.84421,6.02482 c -1.56434,3.31366 -3.15472,7.20819 -3.53419,8.6545 -0.59512,2.26821 -0.34885,2.63885 1.79187,2.69638 1.36504,0.0367 7.45418,0.66536 13.53146,1.39703 13.79208,1.66052 17.55193,1.81587 16.25866,0.6718 z m 44.77714,-1.12297 c 0,-0.42135 -0.74642,-1.35863 -1.65874,-2.08289 -1.37467,-1.09135 -1.82242,-1.06935 -2.61473,0.12831 -1.68867,2.55283 -1.09863,3.70289 1.64261,3.20162 1.44697,-0.2646 2.63086,-0.8258 2.63086,-1.24712 z m 69.20997,-0.14034 c 12.36646,-1.35987 11.88246,-0.48597 6.50041,-11.73673 l -3.03023,-6.33447 -11.34696,8.72342 c -6.24084,4.79788 -12.05732,9.39655 -12.9255,10.2193 -1.73862,1.6476 -2.33266,1.6725 20.80228,-0.87152 z m -74.99023,-3.42042 c 0.47928,-2.49873 -0.1927,-3.81331 -4.10081,-8.02174 l -4.67402,-5.03324 0.54308,6.54321 c 0.45462,5.47767 0.99359,6.90727 3.30963,8.77853 3.11025,2.51299 4.09199,2.06087 4.92212,-2.26676 z m 13.14664,3.21921 c 0,-2.08928 -1.24553,-2.77758 -2.79712,-1.54577 -2.03983,1.6194 -1.73566,2.88796 0.69243,2.88796 1.15759,0 2.10469,-0.604 2.10469,-1.34219 z m 5.61927,-0.78079 c 2.64409,-1.15243 3.81593,-4.7565 3.84021,-11.81075 l 0.011,-3.36389 -4.73618,5.56169 c -4.15012,4.87355 -4.60912,5.88144 -3.70923,8.14551 1.17689,2.96111 1.17094,2.95919 4.59362,1.46744 z m -9.17451,-2.45247 c 1.64412,-2.40033 1.63515,-2.94071 -0.14237,-8.55653 -1.04352,-3.29691 -2.19769,-5.9944 -2.5648,-5.9944 -0.36709,0 -1.20714,1.92524 -1.86679,4.27828 -0.65962,2.35304 -1.48575,4.98852 -1.83585,5.85663 -0.5357,1.32843 2.88843,6.97817 4.22928,6.97817 0.23405,0 1.21529,-1.15297 2.18053,-2.56215 z m -19.20851,-6.74938 c -0.34778,-3.46037 -1.22306,-7.48306 -1.94505,-8.93932 -0.72199,-1.45627 -6.12745,-8.35938 -12.01216,-15.34028 l -10.69944,-12.69253 -3.63766,2.25384 c -2.00071,1.23961 -3.6435,2.79637 -3.65066,3.45949 -0.007,0.66309 3.75351,7.68447 8.35706,15.60307 8.21653,14.13327 8.49165,14.4648 14.99587,18.0691 9.20845,5.10286 9.34361,5.06489 8.59204,-2.41337 z m 55.67997,-15.13285 c 10.27204,-18.32022 9.91501,-17.19545 6.25048,-19.69153 l -3.06061,-2.08474 -3.15508,3.22897 c -1.73528,1.77594 -7.06783,7.90372 -11.8501,13.61732 -8.32295,9.94377 -8.73384,10.6761 -9.60183,17.11303 -0.49873,3.69861 -0.92229,7.31569 -0.94122,8.03796 -0.0227,0.84671 2.51755,0.0303 7.14971,-2.29807 l 7.18419,-3.61125 z m -41.85244,8.52759 c 1.92072,-6.28287 1.9176,-6.42853 -0.28025,-13.08647 -1.22243,-3.70304 -3.71936,-11.40247 -5.54878,-17.1098 l -3.32619,-10.37697 -3.31929,0.66818 c -1.82562,0.36748 -3.68473,0.99268 -4.13137,1.38928 -0.44664,0.39659 0.10113,8.46571 1.2173,17.93138 l 2.02937,17.21028 5.08223,6.07548 c 3.08117,3.6833 5.32881,5.5984 5.70844,4.86386 0.3444,-0.66641 1.50025,-4.07073 2.56854,-7.56522 z m 13.67176,3.62745 c 2.31516,-2.83636 4.58969,-5.76428 5.05451,-6.50649 1.18461,-1.89155 4.94877,-34.90469 4.07773,-35.76344 -0.39243,-0.38691 -2.67655,-1.00346 -5.07581,-1.37012 l -4.36229,-0.66666 -1.02578,4.39006 c -0.56417,2.41454 -2.77699,10.02864 -4.91736,16.92021 l -3.8916,12.5301 2.37262,7.85457 c 1.30496,4.32 2.63948,7.83526 2.96563,7.81166 0.32614,-0.0236 2.48719,-2.36353 4.80235,-5.19989 z m -50.65384,-8.59867 c -2.77607,-4.84449 -6.24769,-10.95607 -7.7147,-13.5813 -1.467,-2.62521 -3.1905,-4.77693 -3.83003,-4.7816 -1.65237,-0.011 -12.22704,10.89208 -11.78719,12.15439 0.34173,0.98063 25.59936,14.67041 27.50488,14.90778 0.48096,0.0598 -1.39687,-3.85475 -4.17296,-8.69927 z m 89.25661,0.6917 c 7.41847,-3.91041 13.48814,-7.6308 13.48814,-8.26754 0,-1.21069 -11.22189,-11.80216 -12.50464,-11.80216 -0.40556,0 -1.99661,2.3782 -3.53569,5.28489 -1.53908,2.90671 -4.92716,9.02212 -7.52906,13.5898 -2.60191,4.56767 -4.43286,8.30486 -4.0688,8.30486 0.36406,0 6.73158,-3.19943 14.15005,-7.10985 z m -69.6001,-17.80995 c -0.99641,-8.44617 -2.0146,-15.55084 -2.26268,-15.78815 -0.55714,-0.53293 -14.63731,5.08765 -15.99242,6.38393 -0.60836,0.58197 1.78887,4.13335 6.29596,9.32707 4.00309,4.613 8.62383,10.09832 10.2683,12.1896 1.64445,2.09128 3.10525,3.67677 3.24619,3.52326 0.14101,-0.15347 -0.55897,-7.18955 -1.55535,-15.63571 z m 49.39695,3.78019 c 4.80193,-5.81341 9.19783,-11.13843 9.7687,-11.83342 0.77635,-0.94516 -0.65311,-1.98645 -5.67264,-4.1322 -11.77065,-5.03176 -10.90748,-5.55054 -12.31908,7.40382 -0.67685,6.2113 -1.52904,13.50989 -1.89374,16.2191 -0.77877,5.78469 -1.33291,6.20412 10.11676,-7.6573 z m -24.60721,-7.29821 c 4.19367,-14.1614 4.22013,-14.35548 2.07076,-15.18198 -2.30877,-0.8878 -14.82517,-0.48602 -15.86564,0.50928 -0.71904,0.68779 7.98844,29.01746 8.91888,29.01746 0.34541,0 2.53963,-6.45514 4.876,-14.34476 z M 69.787576,277.65777 c -2.694354,-1.80528 -4.861543,-7.4796 -3.880937,-10.16141 0.385183,-1.05339 3.524409,-4.69199 6.976071,-8.08578 4.695283,-4.61655 6.80895,-6.03711 8.393004,-5.64086 1.733878,0.43373 1.995988,0.16413 1.447513,-1.48891 -0.41463,-1.24965 -0.04919,-2.51114 0.95907,-3.31168 2.732417,-2.16925 -0.890243,-5.03105 -6.368656,-5.03105 -7.381204,0 -13.954026,-7.68106 -11.349942,-13.26366 0.946736,-2.02956 1.01384,-2.02056 4.229101,0.56743 4.195027,3.3766 7.291816,3.43866 7.947178,0.15937 0.357844,-1.79072 -0.336714,-3.23152 -2.524239,-5.2363 -2.602791,-2.38537 -2.786642,-2.88964 -1.336613,-3.66589 2.877572,-1.54045 8.570146,0.16661 11.441619,3.43093 1.958266,2.2262 2.694308,4.22211 2.694308,7.30606 0,3.69967 0.607009,4.81298 4.739604,8.69271 l 4.739625,4.44962 5.783798,-5.46394 c 4.92792,-4.65541 5.7838,-6.01222 5.7838,-9.169 0,-2.99851 0.72763,-4.31617 3.81569,-6.90984 l 3.8157,-3.20474 4.07687,3.80811 c 2.24227,2.09446 4.07685,4.30679 4.07685,4.91631 0,0.6095 -1.56159,2.55605 -3.47021,4.32563 -2.52911,2.34488 -4.44648,3.21742 -7.07019,3.21742 -2.92793,0 -4.63761,0.98021 -9.1578,5.25044 l -5.557798,5.25042 4.900538,4.75933 c 4.06909,3.95185 5.38342,4.66693 7.74671,4.2148 3.36334,-0.64346 8.62902,1.71074 10.96636,4.90287 1.70602,2.32994 2.29653,9.84827 0.77348,9.84827 -0.47788,0 -1.9996,-1.15131 -3.38157,-2.55849 -2.76647,-2.81693 -5.96325,-2.91904 -7.71443,-0.24642 -0.90133,1.37556 -0.55001,2.30441 1.73411,4.58502 1.57544,1.57298 2.86442,3.40142 2.86442,4.06322 0,2.02713 -7.83367,1.42987 -10.83148,-0.82582 -3.03595,-2.28439 -5.42129,-8.06218 -4.48876,-10.87272 0.74239,-2.23751 -2.977458,-6.02317 -4.144115,-4.21742 -0.40214,0.62239 -1.988188,0.99167 -3.524591,0.82056 -2.452807,-0.27318 -2.758986,0.011 -2.511068,2.33168 0.224884,2.10516 -1.018261,3.79465 -6.110947,8.30488 -5.383651,4.76787 -7.011618,5.66207 -10.308535,5.66207 -2.153384,0 -4.931457,-0.68092 -6.173538,-1.51311 z m 14.121918,-5.75075 c 3.302178,-3.11954 5.557893,-6.1337 5.557893,-7.42661 0,-2.64291 2.555773,-4.87201 4.688438,-4.08915 3.626241,1.3311 2.569465,-1.89295 -2.110222,-6.43776 -5.252938,-5.10159 -6.787595,-5.44588 -6.787595,-1.52273 0,2.72156 -2.492003,5.05328 -4.581072,4.28646 -2.29226,-0.84144 -12.519456,9.64746 -12.519456,12.83979 0,4.33491 1.102026,4.20264 6.374438,-0.765 4.616732,-4.34987 7.569069,-5.88204 7.569069,-3.92807 0,0.43605 -2.346486,3.00368 -5.214423,5.70585 -5.547736,5.22705 -5.823198,6.58776 -1.333689,6.58776 1.961983,0 4.460424,-1.56977 8.356619,-5.25054 z m 28.346326,3.40964 c -2.19984,-2.32527 -2.24322,-6.59531 -0.088,-8.65701 2.15527,-2.06171 6.61916,-2.02023 9.04996,0.0841 1.26538,1.09543 1.92446,1.24514 1.92446,0.43715 0,-4.2153 -6.45868,-8.39795 -11.57603,-7.49666 -2.21539,0.39019 -4.45163,-1.28952 -14.168185,-10.64196 -11.17135,-10.75286 -11.527924,-11.23282 -11.234349,-15.12221 0.240617,-3.18775 -0.246148,-4.54239 -2.358093,-6.56262 -1.463722,-1.40016 -3.466556,-2.54576 -4.450744,-2.54576 -1.677475,0 -1.676229,0.11964 0.02041,1.91225 1.336499,1.41268 1.629416,2.82849 1.121272,5.41949 -0.604401,3.08192 -1.150516,3.57905 -4.503407,4.09952 -3.010688,0.46736 -4.325697,0.13398 -6.233589,-1.58065 l -2.417986,-2.17295 1.188487,3.26127 c 1.634858,4.48615 5.266745,6.58324 10.101516,5.83273 3.754055,-0.58275 4.156988,-0.31461 15.312946,10.18964 10.363232,9.75782 11.411692,11.07651 10.978292,13.80805 -0.86839,5.47338 3.06539,11.45204 7.59684,11.54588 1.16985,0.0242 1.11492,-0.3537 -0.26311,-1.8103 z m 7.19651,-42.44495 3.01784,-3.01318 -2.48868,-2.53404 -2.48867,-2.53404 -2.96313,2.71559 c -2.77979,2.54759 -3.84845,6.18976 -2.26156,7.70774 1.51121,1.44563 4.3018,0.53589 7.1842,-2.34207 z m 258.83061,41.86324 c -1.76505,-0.7354 -4.48796,-2.7909 -6.05096,-4.56774 -2.37831,-2.70376 -2.84175,-4.19043 -2.84175,-9.11606 0,-4.92717 0.46318,-6.412 2.84478,-9.1195 4.96454,-5.64381 12.59518,-7.45234 18.66612,-4.42404 2.98375,1.48838 3.20612,1.43747 6.19087,-1.4177 3.64433,-3.48611 3.37319,-7.82509 -0.52329,-8.37359 -1.25599,-0.17683 -2.47856,-0.8877 -2.71682,-1.57976 -0.31472,-0.91419 1.31767,-1.25831 5.96853,-1.25831 6.35116,0 8.44554,1.35495 4.33999,2.80775 -1.33108,0.47103 -1.76734,1.18526 -1.23097,2.01543 0.61192,0.94712 3.88785,1.21046 12.43582,0.99961 l 11.60509,-0.28624 -2.61535,-5.78824 c -2.13148,-4.71741 -3.07727,-5.78824 -5.11236,-5.78824 -1.51804,0 -2.49706,-0.592 -2.49706,-1.50996 0,-1.17444 1.40313,-1.50998 6.31405,-1.50998 4.7745,0 6.31406,0.35111 6.31406,1.43997 0,0.79197 -0.8863,1.58471 -1.96952,1.76163 -1.81091,0.29577 -1.66263,0.99842 1.8416,8.72578 l 3.81112,8.40411 5.2722,0.16344 c 19.03502,0.59031 20.5832,25.84732 1.80459,29.43997 -4.60193,0.88043 -10.16555,-1.20563 -13.81252,-5.17892 -5.67768,-6.18578 -5.28746,-14.45863 0.95746,-20.29911 1.82633,-1.70806 2.732,-3.33806 2.26036,-4.06807 -0.52893,-0.81865 -3.46522,1.35899 -8.95432,6.64073 -7.73209,7.44004 -8.10125,7.99758 -6.92727,10.46234 0.68204,1.43191 2.12945,2.82595 3.21649,3.0979 3.79128,0.94839 2.00267,2.69617 -2.75915,2.69617 -3.50779,0 -4.73552,-0.39148 -4.73552,-1.50998 0,-0.83048 0.46339,-1.50997 1.02978,-1.50997 0.62642,0 0.56025,-0.98572 -0.1689,-2.51664 -0.97759,-2.05239 -1.94881,-2.51662 -5.2652,-2.51662 -3.48532,0 -4.21344,0.39563 -5.09475,2.76829 -2.05277,5.52646 -4.00609,7.84445 -8.48287,10.06649 -5.16983,2.5661 -8.47912,2.78033 -13.11431,0.84902 z m 11.0611,-3.09384 c 3.38941,-1.67664 7.40706,-6.12931 7.40706,-8.20908 0,-1.02025 -1.7619,-1.37422 -6.84021,-1.37422 -4.65671,0 -6.84022,-0.38952 -6.84022,-1.2202 0,-0.67112 1.97439,-3.14463 4.38755,-5.4967 l 4.38753,-4.27648 -2.87755,-1.04655 c -4.20065,-1.52774 -7.05194,-1.28638 -10.82901,0.91666 -4.19158,2.44482 -5.87894,5.39369 -5.87894,10.27412 0,4.74147 2.5912,8.64248 6.94356,10.45346 4.33594,1.80416 6.45943,1.79976 10.14023,-0.0203 z m 55.81477,-1.3871 c 8.99401,-6.31445 5.11855,-19.54082 -6.14923,-20.98652 -2.40579,-0.30867 -4.3742,-0.33145 -4.3742,-0.0506 0,0.28083 1.1839,3.07135 2.63087,6.20114 3.09579,6.6962 3.08697,6.63979 1.03907,6.63979 -0.9226,0 -2.69647,-2.38944 -4.21952,-5.68381 -2.57993,-5.58042 -2.66601,-5.65067 -4.73137,-3.86271 -1.15698,1.00161 -2.63416,3.51506 -3.28264,5.58549 -0.99344,3.1718 -0.86776,4.3741 0.79836,7.63764 3.57265,6.99811 11.84617,9.04271 18.28866,4.5196 z m -48.40771,-12.0304 c 0,-0.44784 -0.60406,-1.60448 -1.34235,-2.57032 -1.25065,-1.63611 -1.51478,-1.5805 -3.86663,0.81425 l -2.52429,2.57031 h 3.86663 c 2.12665,0 3.86664,-0.3664 3.86664,-0.81424 z m 10.52342,-0.77717 c 0,-0.20039 -1.19883,-2.95753 -2.66405,-6.12679 l -2.66404,-5.76233 -2.61446,2.50096 c -2.59189,2.47933 -2.59899,2.53569 -0.82194,6.5161 1.64761,3.69055 2.07435,3.98368 5.2785,3.62586 1.91728,-0.214 3.48599,-0.55333 3.48599,-0.7538 z m 7.79584,-13.29773 c -5.01224,-0.16095 -9.30475,-0.10954 -9.53893,0.11453 -0.23415,0.22398 0.84763,3.21592 2.40396,6.64875 l 2.82971,6.24145 6.70921,-6.35603 6.7092,-6.35603 z M 134.33254,180.42417 c -11.86576,-3.14716 -24.71265,-20.87448 -25.66839,-35.41963 -0.42275,-6.43356 -0.2029,-7.59968 1.91528,-10.15814 2.36836,-2.86073 7.80595,-5.66626 10.98208,-5.66626 1.32707,0 1.18148,0.59887 -0.75545,3.10792 -3.54273,4.5891 -3.34015,16.35358 0.4145,24.07164 6.68263,13.73692 18.13033,21.77667 23.27073,16.34319 2.65267,-2.80389 3.91481,-9.9847 2.77418,-15.78357 -1.65019,-8.38962 -6.00862,-15.59583 -14.18955,-23.46093 l -7.59128,-7.29821 h 3.60944 c 5.2844,0 12.99231,7.24929 17.98719,16.91692 3.44337,6.66471 3.89669,8.42107 3.92082,15.19089 0.0529,14.844 -7.31521,24.63721 -16.66955,22.15618 z m 236.47176,0.0535 c -10.83897,-2.05131 -18.25154,-8.51094 -18.25154,-15.90518 0,-3.35941 0.7195,-4.94217 3.66389,-8.05975 7.03438,-7.44818 22.0677,-13.27123 34.4977,-13.3625 11.2222,-0.0822 16.54519,3.73206 17.36585,12.44433 l 0.49879,5.2951 -3.34966,-3.21456 c -4.5958,-4.41046 -9.28682,-5.67242 -19.07175,-5.13057 -9.77126,0.54109 -19.88683,4.73877 -25.09607,10.41414 -4.00106,4.35911 -4.07455,6.37874 -0.3531,9.70103 8.96299,8.00161 28.63505,5.40736 43.66605,-5.75843 5.81598,-4.32044 6.05708,-4.40249 6.05708,-2.06119 0,5.68902 -12.0382,13.52337 -24.08439,15.67396 -6.43273,1.14841 -9.31819,1.14165 -15.54285,-0.0363 z m -37.55876,-28.8293 c -1.36095,-1.30188 -0.634,-6.9223 1.24859,-9.65335 3.69967,-5.36715 20.86906,-18.11022 31.51872,-23.3932 3.06215,-1.51904 5.70534,-2.59154 5.87375,-2.38332 1.60796,1.98782 3.81767,5.49852 3.81767,6.06531 0,0.38987 -2.66464,1.87581 -5.9214,3.30206 -8.04163,3.52174 -18.25361,10.639 -27.85551,19.41393 -4.39701,4.01828 -8.30382,7.01016 -8.68182,6.64857 z M 170.9421,144.86538 c -11.86325,-4.94138 -18.59485,-27.79262 -12.18245,-41.35482 3.71726,-7.861984 10.43688,-13.589764 15.94296,-13.589764 3.9505,0 7.37082,4.388878 7.37082,9.458009 0,5.063535 -1.06479,6.244945 -4.18761,4.646225 -1.63249,-0.83574 -2.12643,-2.10398 -2.12643,-5.459868 0,-10.581481 -7.98487,-7.31927 -10.59642,4.329148 -3.13256,13.9725 6.19598,37.35901 14.902,37.35901 2.47456,0 5.60418,-4.62687 8.00056,-11.82814 0.96727,-2.9067 2.16719,-5.28493 2.66651,-5.28493 1.99315,0 -2.4895,17.10793 -5.14935,19.65227 -3.72051,3.55898 -9.20758,4.33585 -14.64059,2.07286 z m 131.76635,-9.71837 c -3.38548,-2.54741 -3.531,-5.47034 -0.70478,-14.15676 3.27699,-10.07182 14.14164,-35.076029 15.24555,-35.086525 0.55124,-0.0045 2.51805,1.395849 4.3707,3.113542 l 3.36848,3.123109 -4.05169,7.195062 c -3.61726,6.423672 -9.95921,21.045872 -12.07102,27.831432 -0.52627,1.69094 3.18135,-1.32916 11.30062,-9.20513 11.94564,-11.58766 23.90313,-20.994393 26.68733,-20.994393 0.78963,0 2.15165,1.324349 3.02668,2.94302 1.56737,2.899403 1.54514,2.952653 -1.50033,3.592513 -7.40882,1.5566 -28.01422,17.8446 -36.40171,28.77456 -2.09172,2.72575 -4.40926,4.95594 -5.15008,4.95594 -0.74083,0 -2.59472,-0.93887 -4.11975,-2.08637 z m -87.22315,-6.3615 c -2.25289,-1.63592 -2.35894,-6.25997 -0.61996,-27.03233 0.68347,-8.164112 1.0053,-15.07095 0.71514,-15.348497 -0.29015,-0.277547 -2.74883,0.219444 -5.46373,1.10427 -4.53691,1.478752 -5.14722,1.476644 -7.54485,-0.02607 -3.43783,-2.154745 -3.31217,-4.427145 0.28529,-5.158745 1.59166,-0.323703 9.21754,-2.632194 16.94641,-5.13 l 14.0525,-4.541446 2.52187,2.266325 c 2.9567,2.657062 3.20681,3.92868 0.7728,3.92868 -0.96201,0 -4.22733,0.747289 -7.25627,1.660611 l -5.50717,1.660609 -1.2393,9.418405 c -0.68163,5.180101 -1.30267,15.984158 -1.38011,24.008978 -0.13511,13.98953 -0.2294,14.58928 -2.29092,14.55858 -1.18258,-0.0181 -2.97885,-0.6338 -3.9917,-1.3693 z m 55.63904,-2.77823 c -1.81227,-1.00701 -1.91584,-1.96717 -1.24505,-11.54587 l 0.7316,-10.44751 -4.54283,-0.0136 c -2.49856,-0.009 -5.5246,-0.26594 -6.72451,-0.57418 -1.80825,-0.46451 -2.74017,0.44238 -5.4447,5.29864 -1.79468,3.22252 -3.83702,8.12408 -4.53854,10.89236 -0.70154,2.7683 -1.58558,5.3688 -1.96455,5.77892 -0.96045,1.0393 -5.33886,-2.06032 -5.33886,-3.7796 0,-0.77536 2.13099,-5.27473 4.73553,-9.99858 2.60455,-4.72387 4.73554,-8.82022 4.73554,-9.103 0,-0.28281 -1.0655,-0.56167 -2.36777,-0.61972 -1.73014,-0.0771 -1.32556,-0.416 1.50239,-1.25832 2.48628,-0.740551 4.97537,-2.592586 6.961,-5.179372 4.30892,-5.613479 12.3165,-13.144213 17.84648,-16.783763 l 4.663,-3.068928 4.11342,1.774368 c 2.26238,0.975913 4.1133,1.818822 4.11312,1.87314 -1.8e-4,0.0544 -1.60462,4.402207 -3.56545,9.66197 -3.78885,10.163381 -6.95766,25.373705 -6.95766,33.396855 0,4.37369 -0.2351,4.85283 -2.36777,4.82525 -1.30226,-0.0159 -3.25724,-0.52486 -4.34439,-1.12896 z m 2.52961,-30.298243 c 0.63815,-2.353061 1.59067,-5.838274 2.11672,-7.744942 0.52606,-1.906668 0.77306,-3.642112 0.54893,-3.8565 -0.95045,-0.909196 -4.97582,2.161409 -10.56505,8.059191 l -5.98041,6.310531 5.61108,0.590912 c 3.08609,0.324994 5.948,0.664747 6.35977,0.754995 0.41178,0.09022 1.2708,-1.761151 1.90896,-4.114187 z"
       id="path186" />
  </g>
</svg>
